SciPy 10 iter  	   3.6264 	 222.36441 	   2.14047 	 2.90706e+01 	 2.90907e+00 	  5278.910
SciPy 50 iter  	  15.6157 	 212.27263 	   1.00663 	 2.88348e+01 	 1.86944e+00 	  3315.819
KMeans_RADec  	 106.3535 	 214.61646 	   1.62837 	 2.87672e+01 	 2.64377e+00 	  3708.334
PyClustering  	  64.7230 	 216.69395 	   1.79981 	 2.88117e+01 	 2.61793e+00 	  4973.657
SciKit KMeans  	  73.3961 	 209.36980 	   0.67821 	 2.87377e+01 	 1.57005e+00 	  2877.344
SK MiniBatch  	  13.2909 	 218.30289 	   1.27394 	 2.91346e+01 	 2.59223e+00 	  3082.813
TreeCorr def  	   2.7696 	 208.64623 	   0.60207 	 2.86914e+01 	 1.59919e+00 	  2437.976
TreeCorr alt  	   2.5767 	 209.12406 	   0.22900 	 2.87857e+01 	 1.33897e+00 	  2391.213
SciPy 10 iter  	   3.4963 	 229.60822 	   2.85722 	 2.92570e+01 	 3.47765e+00 	  6657.270
SciPy 50 iter  	  15.6362 	 211.57180 	   0.92104 	 2.88513e+01 	 1.56401e+00 	  3623.461
KMeans_RADec  	 185.1802 	 215.00177 	   1.87707 	 2.86905e+01 	 2.88220e+00 	  4567.251
PyClustering  	  70.6775 	 213.80607 	   1.42118 	 2.88206e+01 	 2.38373e+00 	  3832.226
SciKit KMeans  	  69.8246 	 210.27786 	   0.77095 	 2.87637e+01 	 2.03341e+00 	  2328.245
SK MiniBatch  	   3.2947 	 229.35402 	   2.34329 	 2.94594e+01 	 2.83112e+00 	  6341.509
TreeCorr def  	   1.6856 	 210.18538 	   0.74960 	 2.87624e+01 	 1.87376e+00 	  2609.130
TreeCorr alt  	   1.9852 	 208.73848 	   0.23632 	 2.87593e+01 	 1.36977e+00 	  2389.608
SciPy 10 iter  	   4.0150 	 223.85771 	   1.97910 	 2.91855e+01 	 3.44010e+00 	  4260.536
SciPy 50 iter  	  15.2574 	 216.26513 	   1.65209 	 2.88569e+01 	 2.69502e+00 	  4253.927
KMeans_RADec  	 169.8707 	 208.84573 	   0.69699 	 2.86885e+01 	 1.68909e+00 	  2500.253
PyClustering  	  63.2725 	 215.06382 	   1.11764 	 2.90123e+01 	 2.19719e+00 	  3508.952
SciKit KMeans  	 145.5716 	 209.94018 	   0.81648 	 2.87281e+01 	 1.88522e+00 	  2700.502
SK MiniBatch  	  10.1503 	 215.81120 	   1.26469 	 2.89985e+01 	 2.26265e+00 	  3659.446
TreeCorr def  	   1.5713 	 208.53942 	   0.62695 	 2.86769e+01 	 1.64199e+00 	  2425.228
TreeCorr alt  	   1.9297 	 209.00929 	   0.21756 	 2.87793e+01 	 1.34821e+00 	  2388.695
SciPy 10 iter  	   3.0268 	 220.90963 	   1.76552 	 2.91704e+01 	 2.58968e+00 	  4565.020
SciPy 50 iter  	  13.9512 	 211.48458 	   0.73577 	 2.88670e+01 	 1.76051e+00 	  2770.288
KMeans_RADec  	 298.2518 	 209.99198 	   1.09956 	 2.86797e+01 	 1.64494e+00 	  3493.638
PyClustering  	  61.2869 	 223.42118 	   2.14748 	 2.91334e+01 	 3.21304e+00 	  4999.616
SciKit KMeans  	 130.5423 	 209.25046 	   0.65543 	 2.87413e+01 	 1.31244e+00 	  3114.783
SK MiniBatch  	  15.1542 	 213.91070 	   1.01126 	 2.89624e+01 	 1.91259e+00 	  3184.680
TreeCorr def  	   1.8367 	 208.51313 	   0.59207 	 2.86881e+01 	 1.61449e+00 	  2475.647
TreeCorr alt  	   2.0453 	 208.96249 	   0.23122 	 2.87754e+01 	 1.37467e+00 	  2379.186
SciPy 10 iter  	   3.3891 	 221.23108 	   1.44153 	 2.92832e+01 	 2.77884e+00 	  3165.375
SciPy 50 iter  	  14.4137 	 210.34472 	   0.72278 	 2.87867e+01 	 1.81236e+00 	  2512.273
KMeans_RADec  	 269.4315 	 210.99639 	   0.97794 	 2.87980e+01 	 1.75271e+00 	  3642.370
PyClustering  	  77.8618 	 219.26036 	   1.90727 	 2.87558e+01 	 3.38637e+00 	  5082.462
SciKit KMeans  	 106.6499 	 208.49327 	   0.63567 	 2.86712e+01 	 1.68840e+00 	  2372.921
SK MiniBatch  	   3.6129 	 221.96195 	   1.94880 	 2.91926e+01 	 2.53292e+00 	  4999.039
TreeCorr def  	   3.2038 	 208.46520 	   0.57610 	 2.86869e+01 	 1.61348e+00 	  2438.193
TreeCorr alt  	   1.8767 	 208.85648 	   0.23259 	 2.87693e+01 	 1.37153e+00 	  2407.264
SciPy 10 iter  	   3.4839 	 223.82288 	   2.08719 	 2.91888e+01 	 2.90997e+00 	  5213.025
SciPy 50 iter  	  15.6369 	 222.98072 	   2.88230 	 2.85478e+01 	 4.02682e+00 	  6528.539
KMeans_RADec  	 122.8503 	 210.31030 	   0.80901 	 2.87646e+01 	 1.93337e+00 	  2639.018
PyClustering  	  55.3666 	 217.55310 	   1.38996 	 2.90927e+01 	 2.09874e+00 	  4150.495
SciKit KMeans  	 120.1459 	 210.31201 	   0.80934 	 2.87602e+01 	 1.92714e+00 	  2708.618
SK MiniBatch  	  12.1347 	 216.69452 	   1.38502 	 2.90068e+01 	 2.24233e+00 	  3985.697
TreeCorr def  	   1.6045 	 208.57493 	   0.63736 	 2.86776e+01 	 1.67347e+00 	  2426.927
TreeCorr alt  	   1.9224 	 209.04832 	   0.22579 	 2.87819e+01 	 1.36985e+00 	  2387.187
SciPy 10 iter  	   3.2372 	 229.51500 	   2.75224 	 2.91662e+01 	 3.42303e+00 	  7097.342
SciPy 50 iter  	  14.1625 	 212.15486 	   0.91505 	 2.88385e+01 	 2.10764e+00 	  2465.856
KMeans_RADec  	 192.6874 	 212.11341 	   1.04444 	 2.88106e+01 	 1.99174e+00 	  3270.904
PyClustering  	  79.1079 	 211.67168 	   1.00099 	 2.88205e+01 	 1.83885e+00 	  3377.005
SciKit KMeans  	 172.7922 	 209.36359 	   0.75904 	 2.87232e+01 	 1.61202e+00 	  2926.843
SK MiniBatch  	  15.0168 	 219.15353 	   1.37892 	 2.91415e+01 	 2.43445e+00 	  3770.868
TreeCorr def  	   3.3182 	 208.56248 	   0.59677 	 2.86859e+01 	 1.62445e+00 	  2391.343
TreeCorr alt  	   2.2699 	 209.03029 	   0.23081 	 2.87787e+01 	 1.34999e+00 	  2372.332
